0.1351
0.1352
0.1326
0.1352
0.1355
0.1329
0.1358
0.1348
0.1329
0.1326
0.1323
0.1348
0.1328
0.13269999999999998
0.1331
0.1324
0.1326
0.1354
0.1354
0.1358
0.1326
0.1354
0.1331
0.1358
0.1324
0.1375
0.133
0.1355
0.1326
0.1354
0.1353
0.1354
0.1324
0.1326
0.1328
0.1351
0.1329
0.1328
0.1326
0.1329
0.138
0.1379
0.1378
0.1379
0.1378
0.1379
0.1375
0.1384
0.13470000000000001
0.1378
0.1379
0.1378
0.1374
0.138
0.138
0.1378
0.138
0.1378
0.1378
0.138
0.138
0.1379
0.1378
0.1381
0.1374
0.1377
0.138
0.1378
0.1381
0.1378
0.1377
0.1378
0.1381
0.1364
0.1378
0.138
0.1378
0.1376
0.1378
0.1381
0.1378
0.138
0.1377
0.1375
0.1378
0.1379
0.1378
0.1378
0.1379
0.1377
0.1377
0.1378
0.1376
0.1379
0.1376
0.1379
0.1376
0.138
0.1384
0.1382
0.1375
0.1379
0.1383
0.1378
0.1382
0.1412
0.1382
0.1383
0.1378
0.138
0.1377
0.1379
0.1378
0.1378
0.1379
0.1373
0.1375
0.1381
0.1382
0.1376
0.1383
0.1378
0.1377
0.1369
0.13699999999999998
0.1371
0.1371
0.13699999999999998
0.1382
0.13720000000000002
0.1371
0.1368
0.1365
0.1374
0.1371
0.1369
0.1378
0.1379
0.1379
0.1378
0.1378
0.1377
0.138
0.1382
0.1381
0.1411
0.1412
0.1414
0.1384
0.138
0.1366
0.1375
0.1383
0.1376
0.138
0.1377
0.1377
0.1379
0.1382
0.1379
0.1377
0.1379
0.138
0.1379
0.1378
0.1375
0.1382
0.1379
0.1374
0.1379
0.1377
0.1416
0.138
0.1377
0.1379
0.138
0.1375
0.1379
0.1382
0.1375
0.1378
0.1382
0.138
0.1382
0.1384
0.1377
0.1381
0.1375
0.138
0.1381
0.1378
0.1373
0.1379
0.1379
0.1378
0.1377
0.1379
0.138
0.1377
0.1376
0.138
0.1378
0.1378
0.1378
0.1379
0.138
0.1379
0.1378
0.1379
0.1379
0.1375
0.138
0.1378
0.138
0.1379
0.1379
0.1379
0.1373
0.1378
0.1341
0.1378
0.1379
0.1378
0.1377
0.13720000000000002
0.1382
0.1401
0.1377
0.1378
0.138
0.1381
0.1381
0.1382
0.1378
0.1379
0.1376
0.1378
0.1377
0.1379
0.138
0.1376
0.1378
0.1375
0.1378
0.138
0.1376
0.1374
0.1379
0.1382
0.138
0.1376
0.1379
0.1378
0.138
0.1373
0.1382
0.1375
0.138
0.1382
0.1378
0.1379
0.1377
0.1378
0.1376
0.1367
0.1377
0.1376
0.1379
0.1381
0.1381
0.1377
0.1376
0.1376
0.1125
0.1378
0.1378
0.1383
0.1378
0.1375
0.1382
0.1379
0.1375
0.1379
0.1376
0.1378
0.1377
0.1378
0.1382
0.1369
0.1377
0.18600000000000003
0.18600000000000003
0.18600000000000003
0.18600000000000003
0.1861
0.1858
0.19039999999999999
0.19469999999999998
0.1905
0.19030000000000002
0.19440000000000002
0.1945
0.17329999999999998
0.19879999999999998
0.1984
0.1945
0.19879999999999998
0.19440000000000002
0.19399999999999998
0.19829999999999998
0.19879999999999998
0.1945
0.1729
0.1858
0.1814
0.1905
0.17370000000000002
0.17370000000000002
0.1732
0.1862
0.1818
0.18170000000000003
0.1821
0.1813
0.1815
0.182
0.1821
0.1815
0.1816
0.18170000000000003
0.1844
0.18170000000000003
0.1822
0.1822
0.182
0.1819
0.1818
0.182
0.182
0.1815
0.1814
0.18170000000000003
0.1821
0.1818
0.1815
0.1814
0.1822
0.1821
0.1821
0.182
0.1818
0.18170000000000003
0.18170000000000003
0.1816
0.1946
0.1945
0.1818
0.1813
0.1818
0.1818
0.1816
0.1815
0.1813
0.1818
0.1813
0.1734
0.17350000000000002
0.1815
0.2071
0.1605
0.08539999999999999
0.0791
10.0192
0.0616
4.8367
0.1023
0.11259999999999999
7.7512
5.1233
0.0725
0.06
0.0645
0.1246
2.1963
0.121
2.6464999999999996
1.4212
10.0191
0.0753
8.0835
0.0712
0.0786
0.0787
0.0785
0.0787
0.0791
0.0786
0.0788
0.0788
0.0786
0.0786
0.079
0.0785
0.0713
0.0781
0.0789
0.0786
0.0786
0.0788
0.0786
0.0787
0.0788
0.0787
0.079
0.0783
0.0786
0.0786
0.079
0.0785
0.0784
0.0786
0.079
0.0787
0.0788
0.0787
0.0784
0.0788
0.0784
0.0789
0.0785
0.0789
0.0785
0.08
0.0785
0.0789
0.0786
0.0791
0.0789
0.0788
0.0787
0.079
0.0791
0.0787
0.08039999999999999
0.079
0.0789
0.0788
0.0788
0.0787
0.0785
0.0786
0.079
0.0788
0.0788
0.079
0.0791
0.0787
0.0787
0.0788
0.0781
0.0785
0.07919999999999999
0.07919999999999999
0.079
0.0783
0.0789
0.0787
0.0791
0.079
0.0785
0.0783
0.0784
0.0788
0.0786
0.0789
0.0787
0.079
0.0785
0.0784
0.0787
0.0828
0.0786
0.0788
0.0785
0.0782
0.057699999999999994
0.0788
0.07919999999999999
0.0784
0.0785
0.0785
0.0785
0.0785
0.0784
0.0785
0.079
0.0791
0.0783
0.0787
0.0787
0.0785
0.0787
0.0786
0.07919999999999999
0.0786
0.0786
0.0791
0.0784
0.0784
0.0789
0.079
0.079
0.0786
0.0788
0.0786
0.0783
0.0788
0.0783
0.0786
0.0785
0.0785
0.0789
0.0787
0.0786
0.0785
0.0787
0.0788
0.0788
0.0788
0.0783
0.0787
0.079
0.0788
0.0788
0.0785
0.0791
0.0785
0.0787
0.0786
0.0785
0.0785
0.0788
0.0785
0.079
0.0809
0.0787
0.0789
0.0787
0.0794
0.0785
0.0784
0.0785
0.0788
0.07919999999999999
0.0788
0.079
0.0787
0.0791
0.079
0.0785
0.079
0.0787
0.0787
0.0786
0.0786
0.0787
0.0788
0.0785
0.0787
0.0783
0.0786
0.0784
0.0784
0.0785
0.0783
0.0788
0.0782
0.0785
0.0791
0.0791
0.0783
0.0788
0.0786
0.0786
0.0788
0.0785
0.0788
0.0786
0.0787
0.0783
0.0787
0.0787
0.0787
0.0786
0.079
0.0785
0.0785
0.0788
0.0785
0.0788
0.0801
0.0784
0.0788
0.0783
0.0788
0.079
0.0784
0.0789
0.0791
0.0784
0.0791
0.0735
0.0784
0.0781
0.0793
0.0787
0.0787
0.079
0.0785
0.0787
0.0786
0.079
0.0783
0.07919999999999999
0.0786
0.0833
0.0785
0.08349999999999999
0.0828
0.0788
0.0828
0.0785
0.0784
0.0786
0.0785
0.0786
0.0786
0.0787
0.0787
0.0788
0.0785
0.0782
0.0788
0.0784
0.0788
0.0786
0.0788
0.0787
0.0788
0.0785
0.0786
0.0784
0.07919999999999999
0.079
0.0832
0.08259999999999999
0.0833
0.08289999999999999
0.083
0.08310000000000001
0.0787
0.0789
0.079
0.0783
0.0788
0.0786
0.079
0.0787
0.0788
0.0788
0.0787
0.0787
0.079
0.0782
0.0787
0.07919999999999999
0.0787
0.0788
0.0786
0.0788
0.0785
0.0785
0.0783
0.07919999999999999
0.0789
0.0787
0.0791
0.0789
0.079
0.0785
0.0787
0.0788
0.079
0.0787
0.0788
0.0784
0.0787
0.0785
0.0786
0.0788
0.0783
0.0789
0.0785
0.079
0.0784
0.079
0.0788
0.0788
0.0788
0.0791
0.0789
0.0788
0.0785
0.0787
0.0786
0.08259999999999999
0.079
0.0788
0.0791
0.0786
0.0774
0.0786
0.0791
0.0788
0.0788
0.0788
0.0783
0.0785
0.0784
0.079
0.0785
0.0782
0.0964
0.0965
0.0964
0.0965
0.0965
0.0967
0.09630000000000001
0.0962
0.09630000000000001
0.09630000000000001
0.0964
0.0967
0.0962
0.09630000000000001
0.0967
0.0967
0.0965
0.0962
0.0971
0.0968
0.0966
0.09609999999999999
0.0966
0.0965
0.0964
0.0969
0.0969
0.0965
0.0964
0.0968
0.09609999999999999
0.096
0.0968
0.0969
0.0967
0.0966
0.09630000000000001
0.0967
0.0964
0.0966
0.09699999999999999
0.0962
0.0964
0.09630000000000001
0.09630000000000001
0.09630000000000001
0.0965
0.0966
0.0962
0.0965
0.0965
0.0966
0.0965
0.0965
0.0965
0.0967
0.0962
0.09630000000000001
0.0966
0.09630000000000001
0.0967
0.0965
0.0967
0.0966
0.0964
0.0966
0.0966
0.0962
0.0969
0.09630000000000001
0.09630000000000001
0.09630000000000001
0.0964
0.0962
0.0965
0.09630000000000001
0.096
0.0969
0.0962
0.0962
0.0965
0.0964
0.096
0.0967
0.0969
0.0965
0.0967
0.0965
0.0966
0.0968
0.09630000000000001
0.09630000000000001
0.0966
0.0965
0.096
0.0964
0.0969
0.0967
0.0967
0.09609999999999999
0.0965
0.0965
0.0964
0.0969
0.0964
0.0968
0.0965
0.0962
0.0967
0.0965
0.09609999999999999
0.0964
0.0962
0.0966
0.0966
0.0964
0.0967
0.0967
0.09630000000000001
0.0968
0.0971
0.0967
0.0969
0.0965
0.09609999999999999
0.0968
0.09630000000000001
0.0964
0.09630000000000001
0.09630000000000001
0.0966
0.0964
0.0965
0.0965
0.0965
0.09699999999999999
0.0964
0.0967
0.0966
0.0965
0.0964
0.09630000000000001
0.0967
0.09630000000000001
0.0966
0.0964
0.0965
0.0968
0.0967
0.0967
0.0966
0.09609999999999999
0.0962
0.0962
0.0968
0.0965
0.09630000000000001
0.09609999999999999
0.0966
0.0966
0.0962
0.0967
0.0965
0.0968
0.096
0.0962
0.09699999999999999
0.0962
0.0964
0.0965
0.0968
0.096
0.0965
0.0965
0.0967
0.0964
0.0965
0.0967
0.09630000000000001
0.0965
0.0965
0.09699999999999999
0.0966
0.09630000000000001
0.09630000000000001
0.0965
0.0966
0.09699999999999999
0.0969
0.0964
0.09630000000000001
0.0966
0.0965
0.0965
0.0965
0.0967
0.09630000000000001
0.0964
0.0967
0.0965
0.0969
0.0969
0.0966
0.096
0.09630000000000001
0.0962
0.0964
0.0964
0.0965
0.096
0.0964
0.0965
0.09630000000000001
0.0965
0.0965
0.09630000000000001
0.0967
0.0965
0.0964
0.0969
0.096
0.09949999999999999
0.0967
0.09630000000000001
0.0968
0.09630000000000001
0.0964
0.0967
0.10310000000000001
0.0967
0.0965
0.0964
0.09630000000000001
0.0966
0.0968
0.0969
0.0966
0.09630000000000001
0.0962
0.0962
0.0962
0.0964
0.096
0.0964
0.0964
0.0962
0.0966
0.0969
0.0968
0.0962
0.0968
0.096
0.0695
0.0696
0.0695
0.0688
0.0692
10.0303
0.0695
0.0694
0.0695
0.0696
0.0695
0.0693
0.0695
0.9695999999999999
0.0742
0.07339999999999999
0.0735
10.0298
0.0693
0.0738
0.0738
0.0732
10.0296
0.0693
0.0695
0.0696
0.0697
0.0695
0.0694
0.0696
0.9734
1.0159
10.0294
0.0696
0.0696
0.0695
0.0693
0.0695
0.0693
0.0696
10.0272
0.0695
0.0693
0.0695
0.0694
0.0693
0.0696
0.0694
10.0282
0.0695
0.0696
0.0695
0.0692
0.0694
0.0693
0.0696
0.0695
0.0693
0.0693
0.0696
0.0695
10.0289
0.0694
0.0694
0.0697
0.0695
0.0695
0.0694
0.0693
0.0691
