.34974.17470000000000054.20074.19110.0217999999999994.18730000000000054.19594.17944.19164.20014.1891
4.1966
10.0249
10.175
10.1754
4.266
4.253299999999999
4.2408
10.1584
10.1417
4.2558
10.1412
10.142999999999999
10.0373
10.0373
4.1904
10.0387
10.036900000000001
10.037
4.2104
4.2024
4.2236
10.0564
4.2012
4.2189
10.0411
10.0404
4.2176
10.0424
4.2176
10.041
4.1879
4.2016
4.2056000000000004
4.1883
4.2212
10.0414
10.0409
4.196000000000001
10.0401
10.0394
0.0974
0.0416
0.054900000000000004
0.0464
10.0405
0.0644
0.0604
0.0296
0.031400000000000004
0.026600000000000002
0.0263
0.023
0.0242
0.024
0.019299999999999998
10.038400000000001
4.196000000000001
4.1832
4.1958
4.2049
10.0388
9.9898
9.9901
9.9899
9.9889
9.989700000000001
9.9907
9.9917
9.9913
4.184
4.1802
4.1799
4.1841
4.1752
4.1904
4.1807
4.185
4.1983
9.994299999999999
4.2023
4.2028
9.9942
4.1819
4.1902
9.9962
4.1777
4.1689
4.1902
4.1773
4.1781
4.1743
4.182300000000001
4.2079
4.182799999999999
4.17
4.1786
4.1866
4.2046
4.1707
4.1837
4.1626
4.188
4.1962
4.1918
4.1876999999999995
4.2133
4.2177999999999995
4.1881
4.205
9
9
9
9
9
